packing: poly-full.xyzd
zBot: 70.0
zTop: 225.0
scaling_factor: 1
rFactor: 1
meshScalingFactor: 0.0001
R: 0.0002363481832891703
h: 0.016
nBeads:  5348
Cylinder Volume: 2.8078531603928963e-09
Packed Bed Volume: 4.106889951614331e-10
Column Porosity: 0.8537355866914471
Bed Porosity: 0.38976585743218206
rmin: 5.936627089977265e-06
rmax: 3.627804815769196e-05
ravg: 2.5041827825981294e-05

--- Full Bed Histogram ---
vol_frac:
 [2.7935181604990234e-05, 0.0011719279728829453, 0.007858889637935388, 0.014679650577698275, 0.053139379229370225, 0.10379281368636943, 0.1502429392789901, 0.2539576463145363, 0.24315216995395156, 0.17197664816666072]
mean_radii:
 [7.453698143362999e-06, 1.0487840250134468e-05, 1.352198235690594e-05, 1.6556124463677407e-05, 1.9590266570448875e-05, 2.2624408677220346e-05, 2.5658550783991817e-05, 2.8692692890763285e-05, 3.172683499753476e-05, 3.4760977104306224e-05]
----

pickled /home/jayghoshter/fullbedvolfrac.pickle
pickled /home/jayghoshter/fullbedavgRads.pickle

--- Radial Porosity Distribution in Bed ---
porosities:
 [0.35287755565658285, 0.3482434866655465, 0.3432312201555521, 0.34942151465158733, 0.35180884993958184, 0.3552955379346372, 0.3712407897832646, 0.3658234459181511, 0.3397450886876513, 0.3475181993191665, 0.38302393823441794, 0.3841078599290304, 0.3326493687404213, 0.3215430481462841, 0.40125370865312693, 0.4356288991753021, 0.3472392165046976, 0.25004664476945015, 0.36640647815137983, 0.7655635080454352]
---

pickled /home/jayghoshter/porosities.pickle

--- Particle Distribution per Shell ---
vol_frac length (NRAD * NPARTYPE) = 200
avg_radii length (NPARTYPE) = 10
vol_frac = [0.03775500819800187, 0.1238183834267944, 0.1917038553457092, 0.550906168348698, 0.09581658468079654, 0.0, 0.0, 0.0, 0.0, 0.0, 0.01514644444630948, 0.04635032519830703, 0.173424347337998, 0.23899350344589299, 0.276300491025859, 0.21013540265881236, 0.039649485886821205, 0.0, 0.0, 0.0, 0.012474514533891624, 0.04703700861858659, 0.09006362257159695, 0.32051223309779514, 0.3498827929719992, 0.18002982820613053, 0.0, 0.0, 0.0, 0.0, 0.015466119452669246, 0.04851060608669773, 0.11957126351478706, 0.28194310578996523, 0.3781610148285584, 0.15634789032732233, 0.0, 0.0, 0.0, 0.0, 0.011397146351905276, 0.05182725711274258, 0.12244502675668419, 0.32003380224960915, 0.36076223283343345, 0.1335345346956254, 0.0, 0.0, 0.0, 0.0, 0.013502451843011704, 0.043555844148021924, 0.12016489517689459, 0.33929224171528805, 0.3824666653132263, 0.1010179018035575, 0.0, 0.0, 0.0, 0.0, 0.016748488679807078, 0.049289381104762206, 0.13258531925908898, 0.31369078320007504, 0.4229095578965999, 0.06477646985966669, 0.0, 0.0, 0.0, 0.0, 0.014994910302035595, 0.049535649844735755, 0.14623904519701572, 0.3084333719874826, 0.38980116226528905, 0.09099586040344121, 0.0, 0.0, 0.0, 0.0, 0.012300715438843406, 0.040034259729275344, 0.11939583764525627, 0.3105478842427646, 0.4237098934165185, 0.09401140952734197, 0.0, 0.0, 0.0, 0.0, 0.010045867008888404, 0.037760193409732926, 0.11841103820733345, 0.28098061511830685, 0.45745969876903075, 0.09534258748670757, 0.0, 0.0, 0.0, 0.0, 0.012827182772361476, 0.05099857992933453, 0.15325830596712553, 0.30777475735140664, 0.3907348959399054, 0.0844062780398665, 0.0, 0.0, 0.0, 0.0, 0.015493172976300457, 0.057609206141469374, 0.14695817077276216, 0.3313873492417194, 0.37461364734734737, 0.07393845352040107, 0.0, 0.0, 0.0, 0.0, 0.01199832656931557, 0.03905127288331426, 0.11262507502655719, 0.27210274899878767, 0.4494847282194307, 0.11473784830259465, 0.0, 0.0, 0.0, 0.0, 0.00784835250947892, 0.024969011866113965, 0.0917103773143817, 0.274005355666976, 0.4648430106231632, 0.13662389201988626, 0.0, 0.0, 0.0, 0.0, 0.012650519338025789, 0.04773675031882853, 0.12007621757612713, 0.32502380426840977, 0.41941447883053695, 0.0750982296680718, 0.0, 0.0, 0.0, 0.0, 0.01930730063933508, 0.07071641414261738, 0.1920515157205811, 0.35545995045434053, 0.3481536493449987, 0.014311169698127173, 0.0, 0.0, 0.0, 0.0, 0.015313856605471151, 0.048982049661333044, 0.12146431416120983, 0.25691387081251515, 0.4333517867303365, 0.12397412202913423, 0.0, 0.0, 0.0, 0.0, 0.0048172106690977405, 0.011866245124768037, 0.07844139290941425, 0.2511257094276942, 0.4949973286076824, 0.15875211326134325, 0.0, 0.0, 0.0, 0.0, 0.0012812666019129024, 0.01270823283775388, 0.095239796683972, 0.4252091781531412, 0.4655615257232201, 0.0, 0.0, 0.0, 0.0, 0.0, 0.004383300430388478, 0.24178362938620934, 0.7538330701834021, 0.0, 0.0, 0.0, 0.0, 0.0, 0.0, 0.0]
avg_radii =  [7.453698143362999e-06, 1.0487840250134468e-05, 1.352198235690594e-05, 1.6556124463677407e-05, 1.9590266570448875e-05, 2.2624408677220346e-05, 2.5658550783991817e-05, 2.8692692890763285e-05, 3.172683499753476e-05, 3.4760977104306224e-05]
---

pickled /home/jayghoshter/volfracs.pickle
pickled /home/jayghoshter/avgrads.pickle
